0.000000000000000000e+00
0.000000000000000000e+00
8.605890843060180941e+02
8.255424452679641263e+02
7.924202790362339783e+02
7.680718663002865014e+02
7.515625884794278591e+02
7.414176999062755158e+02
7.359777553911777659e+02
7.342525536604591707e+02
7.353505810384207280e+02
7.382634752409155681e+02
7.438725609344718350e+02
7.498867625671855421e+02
7.566547289878973288e+02
7.633234971264273554e+02
7.716764066227341345e+02
7.814793959684814126e+02
7.915154585608613615e+02
8.025946242501877350e+02
8.131774986306910478e+02
8.239904038638755992e+02
8.350760175161744883e+02
8.460451573318200644e+02
8.572128465189173312e+02
8.687183194580514964e+02
8.800786482542134763e+02
8.917070903207260244e+02
9.034436505670070119e+02
9.152447521299785649e+02
9.273317633011050702e+02
9.390643228764092783e+02
9.512123291374899736e+02
9.632709619857650978e+02
9.752589250880957934e+02
9.878003859685866246e+02
1.000016742925884728e+03
1.012368613290787152e+03
1.024898149857394174e+03
1.037531481627836229e+03
1.050234444977101475e+03
1.062958513180166165e+03
1.075709128133180684e+03
1.088492225104207364e+03
1.101350882123562315e+03
1.114343034784773636e+03
1.127430434596262103e+03
1.140598653710926101e+03
1.153826220052610779e+03
1.167106518417635698e+03
1.180499788737331755e+03
1.194069091574411914e+03
1.207762488498024140e+03
1.221508576270130789e+03
1.235287949315051264e+03
1.249096057780015826e+03
1.263045181353992803e+03
1.277239506782345870e+03
1.291640057750194501e+03
1.306163286180150408e+03
1.320792497340141836e+03
1.335537581699541533e+03
1.350403350980885079e+03
1.365406345183838312e+03
1.380548245354961637e+03
1.395853015266932744e+03
1.411357899195953905e+03
1.427049273630026391e+03
1.442897082103436787e+03
1.458863837363575840e+03
1.474926906438868855e+03
1.491068684296920537e+03
1.507395681771289446e+03
1.524012009407266987e+03
1.540917778671680708e+03
1.558105670608468472e+03
1.575525615450325176e+03
1.593060543085845211e+03
1.610706628222417748e+03
1.628519470843966246e+03
1.646532384523481142e+03
1.664778418770010603e+03
1.683267285525875877e+03
1.701971291286084352e+03
1.720885026968835291e+03
1.739995654707724725e+03
1.759296035167964874e+03
1.778757253953991039e+03
1.798363523936025786e+03
1.818128771715614675e+03
1.838059496055625232e+03
1.858168631220121597e+03
1.878457709835060768e+03
1.898942128700138255e+03
1.919615000717972180e+03
1.940491725129241104e+03
1.961565417531966887e+03
1.982836623389632450e+03
2.004313318123934550e+03
2.025973765441380010e+03
2.047833372548074294e+03
2.069885263394702179e+03
2.092129992108861643e+03
2.114553257960049450e+03
2.137155618761018559e+03
2.159930205802364071e+03
2.182870152173596125e+03
2.205968592720103970e+03
2.229211235636787023e+03
2.252606075800782492e+03
2.276138824590548211e+03
2.299802732686528088e+03
2.323598918440156012e+03
2.347521182600626162e+03
2.371563327064493023e+03
2.395719154759506182e+03
2.419989897875644147e+03
2.444369361043878598e+03
2.468843921215473074e+03
2.493414812593630813e+03
2.518075841466788006e+03
2.542820814447566136e+03
2.567636110017366718e+03
2.592522963479534155e+03
2.617475181819930185e+03
2.642479143628451766e+03
2.667536084082652906e+03
2.692632381492066543e+03
2.717761842307637380e+03
2.742925701094643046e+03
2.768110335469748406e+03
2.793302163922271575e+03
2.818510054236536689e+03
2.843713201722876420e+03
2.868913086603305146e+03
2.894096332327851542e+03
2.919264419059052670e+03
2.944403970369995477e+03
2.969509038409140430e+03
2.994566247328232294e+03
3.019584506825250628e+03
3.044543013847167458e+03
3.069435822857457424e+03
3.094264417662127016e+03
3.119007998193975709e+03
3.143668050806900283e+03
3.168216350023029463e+03
3.192646957187826956e+03
3.216946507275329168e+03
3.241101637445805409e+03
3.265098987252673396e+03
3.288917731441520573e+03
3.312566604735885448e+03
3.336032020746810304e+03
3.359315252967274773e+03
3.382410149900298620e+03
3.405325420278049023e+03
3.428040063116723559e+03
3.450562794661556381e+03
3.472880050063404269e+03
3.494985696892231317e+03
3.516858750181933829e+03
3.538493085909075035e+03
3.559882584351510559e+03
3.581006273427754877e+03
3.601865470468374951e+03
3.622446640464844677e+03
3.642743681100195317e+03
3.662750494358483593e+03
3.682460986464508551e+03
3.701869067803867893e+03
3.720961224473595394e+03
3.739746231565565722e+03
3.758203154579455713e+03
3.776325919372256067e+03
3.794115883640389711e+03
3.811559649082829310e+03
3.828651638444429409e+03
3.845378946421100409e+03
3.861743527097931747e+03
3.877739908673273931e+03
3.893355193226796473e+03
3.908591341533307968e+03
3.923442887771812821e+03
3.937896939283884421e+03
3.951955461383138299e+03
3.965605563715093922e+03
3.978849213422930461e+03
3.991680949867115942e+03
4.004087884403048974e+03
4.016071985218324699e+03
4.027627792078832954e+03
4.038742416137391047e+03
4.049410396455899900e+03
4.059641128191466123e+03
4.069421720696240754e+03
4.078754139135900004e+03
4.087640347673204815e+03
4.096082309369487120e+03
4.104059701053241042e+03
4.111589340059520509e+03
4.118658143942197967e+03
4.125259716925627799e+03
4.131372620118547275e+03
4.137005126715435836e+03
4.142128366869851561e+03
4.146750611238529018e+03
4.150857844236117671e+03
4.154443477506982163e+03
4.157538063409920142e+03
4.160127583260715255e+03
4.162220302589883431e+03
4.163831914556326410e+03
4.164963255017832125e+03
4.165622587708448009e+03
4.165810747668302611e+03
4.165513713025577090e+03
4.164732318529844633e+03
4.163467398982230407e+03
4.161712361012338079e+03
4.159460611550449357e+03
4.156720414642977630e+03
4.153477749807538203e+03
4.149740882230521493e+03
4.145518077800644278e+03
4.140810174829813150e+03
4.135610584109767842e+03
4.129927574003782865e+03
4.123761985420180281e+03
4.117122088519469798e+03
4.110001297651882851e+03
4.102407884727729652e+03
4.094350122466905304e+03
4.085821427628788115e+03
4.076822645973745693e+03
4.067369480504569765e+03
4.057447921236901493e+03
4.047081100204595714e+03
4.036262436142385923e+03
4.025000204404942906e+03
4.013295251717217980e+03
4.001148424310486462e+03
3.988575424394555739e+03
3.975577096515795347e+03
3.962154284005473073e+03
3.948322685418528181e+03
3.934090569213248727e+03
3.919451345125368789e+03
3.904428133989713388e+03
3.889014340656061449e+03
3.873225652158381763e+03
3.857055167577596421e+03
3.840509640250974826e+03
3.823588091714098482e+03
3.806304396242075200e+03
3.788642710492952119e+03
3.770616900065730533e+03
3.752233397517938556e+03
3.733506058849412511e+03
3.714441306601037468e+03
3.695060414722096539e+03
3.675362366654254856e+03
3.655368425288026174e+03
3.635084991087214348e+03
3.614518458686608483e+03
3.593667788461080363e+03
3.572539363168039927e+03
3.551146987912289660e+03
3.529489605083106653e+03
3.507566151065495887e+03
3.485382984623847278e+03
3.462961315307794848e+03
3.440292633427932742e+03
3.417405565306089557e+03
3.394291589890728119e+03
3.370964465695612034e+03
3.347445374253501541e+03
3.323733206885497566e+03
3.299834278287037250e+03
3.275762326725934145e+03
3.251531085901501683e+03
3.227139428463002787e+03
3.202601079637288876e+03
3.177929760760776389e+03
3.153124332815300022e+03
3.128198510067425559e+03
3.103158575256009499e+03
3.078025664879355645e+03
3.052798627676563683e+03
3.027483738255493336e+03
3.002102125662573144e+03
2.976660060192270066e+03
2.951156381937130391e+03
2.925604786026157853e+03
2.900018966098432429e+03
2.874397757762008041e+03
2.848754852138483329e+03
2.823089082588869587e+03
2.797421566574221742e+03
2.771758563995692839e+03
2.746106333967872615e+03
2.720478286134090922e+03
2.694886721084340024e+03
2.669336233288881886e+03
2.643838844886152401e+03
2.618406577312975060e+03
2.593036594567299289e+03
2.567748344906285638e+03
2.542546419026430158e+03
2.517435406681132918e+03
2.492412468234434073e+03
2.467504476304588025e+03
2.442701160493946645e+03
2.418021962414783047e+03
2.393471465454476402e+03
2.369046822987338601e+03
2.344767471633904734e+03
2.320637989366539841e+03
2.296670380417519482e+03
2.272861790087965346e+03
2.249216789662539668e+03
2.225762232980001500e+03
2.202480401158948098e+03
2.179398142688516600e+03
2.156505161474717625e+03
2.133820871904776595e+03
2.111342400321951118e+03
2.089081726719244671e+03
2.067043399648235663e+03
2.045231964547167081e+03
2.023659392088230334e+03
2.002322793143885974e+03
1.981234132225581789e+03
1.960390514141605308e+03
1.939803897478356021e+03
1.919486238001655920e+03
1.899434632079531866e+03
1.879653601877469782e+03
1.860147667173470609e+03
1.840928773893807829e+03
1.822001437617463353e+03
1.803362743799562622e+03
1.785017204712713237e+03
1.766969331353762527e+03
1.749216205365352835e+03
1.731762336021512965e+03
1.714612232174187284e+03
1.697762974209725598e+03
1.681219071064295576e+03
1.664992460545093991e+03
1.649080224605184412e+03
1.633494389975703598e+03
1.618239904153132784e+03
1.603314375016597978e+03
1.588722840948519888e+03
1.574477771152486639e+03
1.560569352562732774e+03
1.547002631896644061e+03
1.533782659244505794e+03
1.520907059996822454e+03
1.508373463457880234e+03
1.496186931443592357e+03
1.484345101811552922e+03
1.472860473724102803e+03
1.461715837739867538e+03
1.450931131138891487e+03
1.440496582922385642e+03
1.430417284044807502e+03
1.420690902471882964e+03
1.411315111617634784e+03
1.402302447109639843e+03
1.393635736730428789e+03
1.385327527240855488e+03
1.377368085928695336e+03
1.369762542339890160e+03
1.362501174838022280e+03
1.355589123947257349e+03
1.349031535576368697e+03
1.342811275876374793e+03
1.336940929585898402e+03
1.331418229810011553e+03
1.326233486239133754e+03
1.321391870058413133e+03
1.316891128747326547e+03
1.312721585923524344e+03
1.308880997882504744e+03
1.305374553433950268e+03
1.302200017036571808e+03
1.299340300284047089e+03
1.296800603495095402e+03
1.294578702155705514e+03
1.292672375118706896e+03
1.291064547760305004e+03
1.289767861947871097e+03
1.288765249114899689e+03
1.288054500251465242e+03
1.287633409105850887e+03
1.287492343750660893e+03
1.287636531565061432e+03
1.288056345781158143e+03
1.288749590498598081e+03
1.289714495314404985e+03
1.290943555968642613e+03
1.292437122062061462e+03
1.294195545738824649e+03
1.296204325035216016e+03
1.298463817346328142e+03
1.300974382807135498e+03
1.303728956038959495e+03
1.306713046260421606e+03
1.309941879162838404e+03
1.313386113543882402e+03
1.317060981657446973e+03
1.320959434217550552e+03
1.325074425613006269e+03
1.329391485727248664e+03
1.333925861864136323e+03
1.338655663772985918e+03
1.343588718979053738e+03
1.348710574509148273e+03
1.354029067167795802e+03
1.359529753605886754e+03
1.365205623885492969e+03
1.371064529985838817e+03
1.377092044197951282e+03
1.383281172660084849e+03
1.389632355479088346e+03
1.396123753436238076e+03
1.402770674880147226e+03
1.409543863947746104e+03
1.416443784122199759e+03
1.423470904868010621e+03
1.430610844946467296e+03
1.437871514161990035e+03
1.445231114884083127e+03
1.452697568801286479e+03
1.460263946749664228e+03
1.467923325321304446e+03
1.475668786750463596e+03
1.483500847128417718e+03
1.491405171196241326e+03
1.499374857218650050e+03
1.507395580086950304e+03
1.515467876154541273e+03
1.523577429603054497e+03
1.531717357243849619e+03
1.539880779903461189e+03
1.548060822145699603e+03
1.556265468682210440e+03
1.564480422320884145e+03
1.572698817057829274e+03
1.580921605361803358e+03
1.589151292304044091e+03
1.597368487382102330e+03
1.605576086695275080e+03
1.613762130868120039e+03
1.621922089778266582e+03
1.630051433887326539e+03
1.638138205577663484e+03
1.646170447197209569e+03
1.654165914164210108e+03
1.662097791179164687e+03
1.669991260504647016e+03
1.677819504801820813e+03
1.685607703788592971e+03
1.693329037106458600e+03
1.701001252660711089e+03
1.708612382922283132e+03
1.716150458151088287e+03
1.723618362937315624e+03
1.731004122659978293e+03
1.738295760065847162e+03
1.745496151867240542e+03
1.752593315256978258e+03
1.759590121243649037e+03
1.766482009552932823e+03
1.773271845297327673e+03
1.779947633910970126e+03
1.786519662901876018e+03
1.792990788466271852e+03
1.799341578816604169e+03
1.805589741023921761e+03
1.811708409216015980e+03
1.817707856490092126e+03
1.823576068178196238e+03
1.829301026971313604e+03
1.834892998047749188e+03
1.840339959051908181e+03
1.845637313576535234e+03
1.850795319593526074e+03
1.855801947780900491e+03
1.860660023348338655e+03
1.865372369405462678e+03
1.869941807023614047e+03
1.874363726938945774e+03
1.878633517946242364e+03
1.882753995281722837e+03
1.886713115592699069e+03
1.890513690345816258e+03
1.894151100769498498e+03
1.897620726182599810e+03
1.900917901791002578e+03
1.904045220485802702e+03
1.906997802572986984e+03
1.909778194554983429e+03
1.912396369029011112e+03
1.914840011168278352e+03
1.917119088689844830e+03
1.919228709954388250e+03
1.921163980502964478e+03
1.922942287930051407e+03
1.924543874890764073e+03
1.925986122400519434e+03
1.927256694469063859e+03
1.928358107978615863e+03
1.929292875751739757e+03
1.930063506312913432e+03
1.930665075294562257e+03
1.931092653539905314e+03
1.931356163554019986e+03
1.931443237502803413e+03
1.931363787066038412e+03
1.931112861440787583e+03
1.930685503801322284e+03
1.930099036115787840e+03
1.929341060468509113e+03
1.928428885645802438e+03
1.927357528479348957e+03
1.926129427055109545e+03
1.924747012185173162e+03
1.923220135595594684e+03
1.921536356379657946e+03
1.919712939321638032e+03
1.917744856335772056e+03
1.915627071427242754e+03
1.913376825673359917e+03
1.910981638722970274e+03
1.908458735570729687e+03
1.905803048098969157e+03
1.903024356843981877e+03
1.900110149281165377e+03
1.897085046684529743e+03
1.893943949052707239e+03
1.890681748608429189e+03
1.887315614967322745e+03
1.883847853523449885e+03
1.880273333954195095e+03
1.876601775442415601e+03
1.872835461812724589e+03
1.868976670083119870e+03
1.865027670679374978e+03
1.861005136343021604e+03
1.856894228210465371e+03
1.852709366914939665e+03
1.848457539105191699e+03
1.844130869351986348e+03
1.839728905459273847e+03
1.835273475427114363e+03
1.830749260912499267e+03
1.826163224292953828e+03
1.821514895524364647e+03
1.816818657446265888e+03
1.812059175929141247e+03
1.807250826918114171e+03
1.802400554914997656e+03
1.797493016501500051e+03
1.792542579004021036e+03
1.787556178943799750e+03
1.782525893875582824e+03
1.777458655964330319e+03
1.772353967096377801e+03
1.767218755727602002e+03
1.762059948666285891e+03
1.756877042841249704e+03
1.751669533755743942e+03
1.746459200627197106e+03
1.741230679659837278e+03
1.736005747607822059e+03
1.730776466670156879e+03
1.725549754626537378e+03
1.720332528159153753e+03
1.715131702863828423e+03
1.709946764900729477e+03
1.704777199336491776e+03
1.699637346828666978e+03
1.694526690201994825e+03
1.689444711120801685e+03
1.684398318407138277e+03
1.679401848006057207e+03
1.674439921198449838e+03
1.669534299717641943e+03
1.664684458913432991e+03
1.659889872772019544e+03
1.655157442239955799e+03
1.650486638503274207e+03
1.645891788025095593e+03
1.641372359139995979e+03
1.636927818759568254e+03
1.632565060738557122e+03
1.628290977552331015e+03
1.624105031987126722e+03
1.620021133465879302e+03
1.616021841678091278e+03
1.612133876502597786e+03
1.608339386682162512e+03
1.604642805089998546e+03
1.601055992159402422e+03
1.597568522628824667e+03
1.594192255805300647e+03
1.590931622341044886e+03
1.587768767725862062e+03
1.584730407647165066e+03
1.581798688009004309e+03
1.578978040319891761e+03
1.576287753590842613e+03
1.573702547793442136e+03
1.571249142683901937e+03
1.568917117880465412e+03
1.566710911603953718e+03
1.564627535922903462e+03
1.562671433755700491e+03
1.560854479176544601e+03
1.559166264323306905e+03
1.557603813108797112e+03
1.556179009881194588e+03
1.554888886331652202e+03
1.553737906850564968e+03
1.552715683777791128e+03
1.551841547799121827e+03
1.551097693081591387e+03
1.550496032704532126e+03
1.550033628826826998e+03
1.549707549644893334e+03
1.549529726338257660e+03
1.549489811549929300e+03
1.549592321354868545e+03
1.549841778761455998e+03
1.550235285547234980e+03
1.550769950778549401e+03
1.551450319313091768e+03
1.552273515234224760e+03
1.553244098668591505e+03
1.554351780834627334e+03
1.555615994225492159e+03
1.557011609170289830e+03
1.558558074083336805e+03
1.560252560341096796e+03
1.562084818995275327e+03
1.564059465820166679e+03
1.566173696243221002e+03
1.568439570362619861e+03
1.570839489256644129e+03
1.573378332748933872e+03
1.576061034913925369e+03
1.578885109187596299e+03
1.581855504977317651e+03
1.584954894162141272e+03
1.588195669439030098e+03
1.591575374110295570e+03
1.595091558668778589e+03
1.598741780679560634e+03
1.602523604659969578e+03
1.606442030309397751e+03
1.610487207338889220e+03
1.614664148754437520e+03
1.618970445691619489e+03
1.623396267305131914e+03
1.627946645714232091e+03
1.632626619203004793e+03
1.637418947077289886e+03
1.642336108031765662e+03
1.647368301621838555e+03
1.652513161597132239e+03
1.657768327493014340e+03
1.663131444581988944e+03
1.668607592185175690e+03
1.674186998592722375e+03
1.679867326095647741e+03
1.685638814276237326e+03
1.691513993409508430e+03
1.697483114371400234e+03
1.703536433707992956e+03
1.709671642012452594e+03
1.715893863959309556e+03
1.722200801645077263e+03
1.728575306285153601e+03
1.735022520017349734e+03
1.741540162557333360e+03
1.748125959608472613e+03
1.754777642923495932e+03
1.761485522016863115e+03
1.768247340927691539e+03
1.775060849930579479e+03
1.781923805594142550e+03
1.788826542485583104e+03
1.795774258271374265e+03
1.802742443659651371e+03
1.809751165939438806e+03
1.816775928806131560e+03
1.823829384233435576e+03
1.830894477330037034e+03
1.837969470971490409e+03
1.845047024333121044e+03
1.852135114315729652e+03
1.859234295921620969e+03
1.866322845499468031e+03
1.873423615827371577e+03
1.880514895825724352e+03
1.887597265610094155e+03
1.894678739675940960e+03
1.901745053367362289e+03
1.908796804482627977e+03
1.915842024762932397e+03
1.922859037965088646e+03
1.929855886472792008e+03
1.936833189340410854e+03
1.943776713724110323e+03
1.950687088051218552e+03
1.957564945075836704e+03
1.964403493273258164e+03
1.971203373274614933e+03
1.977957800890967974e+03
1.984667423529888538e+03
1.991332891553861145e+03
1.997947429632403555e+03
2.004511693139825411e+03
2.011018911148077223e+03
2.017469742817902898e+03
2.023864848737779766e+03
2.030182605562125445e+03
2.036438532503223541e+03
2.042625864221333813e+03
2.048730407220637062e+03
2.054760252950156882e+03
2.060708635757986940e+03
2.066561360953605345e+03
2.072333946278739404e+03
2.078004766483192270e+03
2.083581908214441228e+03
2.089058599663510449e+03
2.094428067023520271e+03
2.099683534258983855e+03
2.104825651237068996e+03
2.109855065170451780e+03
2.114757563722292616e+03
2.119533788225248827e+03
2.124176948461365555e+03
2.128687679205801032e+03
2.133059183382029914e+03
2.137292088630287708e+03
2.141379590486948928e+03
2.145315287505919969e+03
2.149094401800291052e+03
2.152727415016513078e+03
2.156209947976360581e+03
2.159537617309223606e+03
2.162706035392197919e+03
2.165733095348396091e+03
2.168606972549338479e+03
2.171330694676244093e+03
2.173899856633770014e+03
2.176317477218712156e+03
2.178579142390426114e+03
2.180687861943962162e+03
2.182631784432668155e+03
2.184413910542272333e+03
2.186037236362232306e+03
2.187489896654904896e+03
2.188782306573395999e+03
2.189895163172468983e+03
2.190846300518725457e+03
2.191623834490791069e+03
2.192223304476844987e+03
2.192655101664362064e+03
2.192907327221060768e+03
2.192982933970570230e+03
2.192892297958478139e+03
2.192630933309465036e+03
2.192201777177333497e+03
2.191607761285341439e+03
2.190844383457834283e+03
2.189921992544258501e+03
2.188828646532753737e+03
2.187574682508328351e+03
2.186148146400246787e+03
2.184551934574833467e+03
2.182774080269201932e+03
2.180824895171060689e+03
2.178699827490500866e+03
2.176386890128546838e+03
2.173903802242773963e+03
2.171238562256639852e+03
2.168401446120445598e+03
2.165387865368147231e+03
2.162200651976042536e+03
2.158835201471099936e+03
2.155301757792491117e+03
2.151603128054652643e+03
2.147734682365188746e+03
2.143706638698675761e+03
2.139514349324944760e+03
2.135160555182362714e+03
2.130655294180671262e+03
2.125986279195894895e+03
2.121163498549929955e+03
2.116174645784168206e+03
2.111014832947441391e+03
2.105686590495542077e+03
2.100192438853745443e+03
2.094527459993198136e+03
2.088694154072450601e+03
2.082695011043077557e+03
2.076547367321247293e+03
2.070246264023024196e+03
2.063801588717821687e+03
2.057223218745858958e+03
2.050513592901623724e+03
2.043667711483240737e+03
2.036687993057832500e+03
2.029569417841084260e+03
2.022306956142429044e+03
2.014895568474398033e+03
2.007337634026129535e+03
1.999628094099442706e+03
1.991776737308809743e+03
1.983793343041997559e+03
1.975680253282101830e+03
1.967447229490616337e+03
1.959096596098912642e+03
1.950645525759445718e+03
1.942096326152726533e+03
1.933451296902325566e+03
1.924705301444651013e+03
1.915853195603740687e+03
1.906904684519792454e+03
1.897847181128431203e+03
1.888675519793696822e+03
1.879399384890785996e+03
1.870028454337584208e+03
1.860550114774560370e+03
1.850996316945415174e+03
1.841361864069616104e+03
1.831656410515563039e+03
1.821882176966639690e+03
1.812063664033749319e+03
1.802180797308724323e+03
1.792250639416346303e+03
1.782260535054510910e+03
1.772220109631164860e+03
1.762124127690714886e+03
1.751967349784434646e+03
1.741766395339134533e+03
1.731513905677414414e+03
1.721216952947363097e+03
1.710875177554211405e+03
1.700510501691973104e+03
1.690107702664673297e+03
1.679688696504982545e+03
1.669253111281646397e+03
1.658800572253405107e+03
1.648330701966420520e+03
1.637850548696765372e+03
1.627352301487345812e+03
1.616850431982905775e+03
1.606337124409056287e+03
1.595811989051311002e+03
1.585289490681610005e+03
1.574754378532116107e+03
1.564213684822038431e+03
1.553674439782532545e+03
1.543128815033193177e+03
1.532583837062157272e+03
1.522046530607575960e+03
1.511509062042679716e+03
1.500985881216886582e+03
1.490476579799375031e+03
1.479988176430239491e+03
1.469520260126565518e+03
1.459094703796700060e+03
1.448696237558694293e+03
1.438339304020577174e+03
1.428016059964576925e+03
1.417740946592811270e+03
1.407506119578425796e+03
1.397311162627828253e+03
1.387163087650595344e+03
1.377061478237551910e+03
1.367005918198222844e+03
1.357010848456996200e+03
1.347060997155555015e+03
1.337178235017040606e+03
1.327354720413354471e+03
1.317597469693428366e+03
1.307906072365999989e+03
1.298294976390104694e+03
1.288748918318945471e+03
1.279289778702508556e+03
1.269909727189988871e+03
1.260615792889552722e+03
1.251415007928934074e+03
1.242306979368322800e+03
1.233290934682555189e+03
1.224379429329098230e+03
1.215569783008693321e+03
1.206859319761353618e+03
1.198252796577568233e+03
1.189747546955794405e+03
1.181355766207426996e+03
1.173067369955182130e+03
1.164887136128622842e+03
1.156812420151572496e+03
1.148848011873957830e+03
1.140998707445405216e+03
1.133261881180712635e+03
1.125634914117122662e+03
1.118115194212112328e+03
1.110714973231990143e+03
1.103424225178633378e+03
1.096240359858018110e+03
1.089175651387258540e+03
1.082227524939435170e+03
1.075385985228554546e+03
1.068663330034055434e+03
1.062064436912088922e+03
1.055571906596111603e+03
1.049205489888904367e+03
1.042955232589432853e+03
1.036826045662782462e+03
1.030822848597699931e+03
1.024943141104342203e+03
1.019184431502868165e+03
1.013544236752568850e+03
1.008034939172771146e+03
1.002646644703780566e+03
9.973843246626800010e+02
9.922455306900604910e+02
9.872278230913008201e+02
9.823361991720194055e+02
9.775682365175885025e+02
9.729289496691126260e+02
9.684085050442691909e+02
9.640193626569055141e+02
9.597517059812828393e+02
9.556105836670914186e+02
9.515936244510852475e+02
9.477058938191710240e+02
9.439376089170000341e+02
9.403012802628279587e+02
9.367871416083742133e+02
9.333928633033679034e+02
9.301309806109220517e+02
9.269917581807816305e+02
9.239729221919379825e+02
9.210796415520123901e+02
9.183022365634351445e+02
9.156533206518593033e+02
9.131232302446733229e+02
9.107171665051494074e+02
9.084254819171733288e+02
9.062533936747290682e+02
9.042061269724758859e+02
9.022740582987273683e+02
9.004624288320791266e+02
8.987690593881305858e+02
8.971917787687093551e+02
8.957284237619581972e+02
8.943768391431068494e+02
8.931423060257162660e+02
8.920152568116496923e+02
8.910009885920054558e+02
8.900973780949620959e+02
8.892948816824825826e+02
8.885988203953031643e+02
8.880070948933788486e+02
8.875250421439542379e+02
8.871357220039309368e+02
8.868444872999655217e+02
8.866566987509870614e+02
8.865628682350954932e+02
8.865609438013307226e+02
8.866563096238126036e+02
8.868395008978066016e+02
8.871084888295321207e+02
8.874612522168413307e+02
8.879032057219170611e+02
8.884249147342088690e+02
8.890243803258493926e+02
8.897070391471172570e+02
8.904634782617972633e+02
8.912917200746052231e+02
8.921897938481448591e+02
8.931557355606694273e+02
8.941950161047305983e+02
8.952908277253515053e+02
8.964560823019114650e+02
8.976739843674957910e+02
8.989500293735014793e+02
9.002822900933498431e+02
9.016688447697075617e+02
9.031003485539009716e+02
9.045823183395120850e+02
9.060983419661141625e+02
9.076631299771362364e+02
9.092620350482261529e+02
9.109026990216950708e+02
9.125704825622558474e+02
9.142804633627694102e+02
9.160180090936723900e+02
9.177907756042619667e+02
9.195989932700166491e+02
9.214280383901334517e+02
9.232930030369551559e+02
9.251792680026919697e+02
9.270870726510925124e+02
9.290315146696812008e+02
9.309905513729148652e+02
9.329792829628329400e+02
9.349979538392321956e+02
9.370319523658762364e+02
9.390889523926987295e+02
9.411691996309190245e+02
9.432655114346989649e+02
9.453781332891649072e+02
9.474924535533253902e+02
9.496235733616105108e+02
9.517494512782088805e+02
9.538851866128306938e+02
9.560161640884576855e+02
9.581426237696085764e+02
9.602796608958325351e+02
9.624052272700995445e+02
9.645344146079509073e+02
9.666525992382373715e+02
9.687748687642150571e+02
9.708865951264840533e+02
9.729954329252141179e+02
9.750867491943166669e+02
9.771533366829346505e+02
9.792102704408498539e+02
9.812429092556279784e+02
9.832440372963026221e+02
9.852212923591328035e+02
9.871674523647053547e+02
9.890752919586499274e+02
9.909598674642243168e+02
9.928065183335419306e+02
9.946154371527010198e+02
9.963868128451057373e+02
9.981208305750208183e+02
9.998102433001743066e+02
1.001455228373999944e+03
1.003048856452335713e+03
1.004592925213187527e+03
1.006089553781832706e+03
1.007540856917631118e+03
1.008934088204597629e+03
1.010278781690825781e+03
1.011569610022354709e+03
1.012808669375870863e+03
1.013990622636927810e+03
1.015124984326167578e+03
1.016206407070576233e+03
1.017236966523352294e+03
1.018211304529516383e+03
1.019131485689687452e+03
1.019992140520244675e+03
1.020802750362395045e+03
1.021550505487197597e+03
1.022252303401902168e+03
1.022887893550979811e+03
1.023474160671021650e+03
1.023998269490460075e+03
1.024469663033337838e+03
1.024875492370389338e+03
1.025225186574200052e+03
1.025513310823252596e+03
1.025749279660395587e+03
1.025920215101823260e+03
1.026035516602110420e+03
1.026082290820139633e+03
1.026077349942721867e+03
1.026007784759470269e+03
1.025875534646715778e+03
1.025682530755485004e+03
1.025430695906549090e+03
1.025114516142259617e+03
1.024735897336627204e+03
1.024296736762552655e+03
1.023791494667338839e+03
1.023222050907580183e+03
1.022590276542220067e+03
1.021898033785039956e+03
1.021139747616289014e+03
1.020317262454618799e+03
1.019432413787940050e+03
1.018487028164269532e+03
1.017475494842090825e+03
1.016407050851442477e+03
1.015276067612912925e+03
1.014076907667661999e+03
1.012826209767048908e+03
1.011503463155745408e+03
1.010125294242416771e+03
1.008678608401657016e+03
1.007180015812601596e+03
1.005616404738493998e+03
1.003989511717203982e+03
1.002308493307006643e+03
1.000560212788156377e+03
9.987612387232738911e+02
9.968984182695318168e+02
9.949808757496243743e+02
9.930028710242393117e+02
9.909735130207392331e+02
9.888870464632702806e+02
9.867451370575013243e+02
9.845494432767159196e+02
9.823016164999839930e+02
9.800033011516512715e+02
9.776487064914080065e+02
9.752394634554626691e+02
9.727846247971272078e+02
9.702783801761452196e+02
9.677223413486211712e+02
9.651255423049497040e+02
9.624747260051716466e+02
9.597714862647291056e+02
9.570322678868704998e+02
9.542512250415086328e+02
9.514225064436179764e+02
9.485625405290527397e+02
9.456580371252107398e+02
9.427179860225122638e+02
9.397439436904436434e+02
9.367300333919777131e+02
9.336852303462017062e+02
9.306110767870397922e+02
9.275016820704811380e+02
9.243660078305148318e+02
9.212055830317646041e+02
9.180070757210747843e+02
9.147942915798500962e+02
9.115538905212105192e+02
9.082948135910487508e+02
9.050111413155962055e+02
9.017118072013643086e+02
8.983983127838396285e+02
8.950721560780747268e+02
8.917274033300518568e+02
8.883729741707180665e+02
8.850103566705666935e+02
8.816407519287409968e+02
8.782642225768590833e+02
8.748879728496564212e+02
8.714969191700256488e+02
8.681056887216697078e+02
8.647066211222967240e+02
8.613069103041202652e+02
8.579063195968719810e+02
8.545046102165292723e+02
8.511015414086510873e+02
8.476968705966970674e+02
8.442977818856525118e+02
8.408966011697540353e+02
8.375005096970635350e+02
8.341092591873488118e+02
8.307151720056939439e+02
8.273254263917120852e+02
8.239397715919551501e+02
8.205653847480648437e+02
8.171945860379348687e+02
8.138345522725988985e+02
8.104850320450490244e+02
8.071457742833812290e+02
8.038165284566566697e+02
8.004970447833252365e+02
7.971945027920373832e+02
7.939086548334046256e+02
7.906318262934887571e+02
7.873786292090453571e+02
7.841413923805289414e+02
7.809198749873600036e+02
7.777212668014522023e+02
7.745453316989908217e+02
7.713918362212118609e+02
7.682605497826832561e+02
7.651512448768495460e+02
7.620711256286161870e+02
7.590199712925112863e+02
7.559975647974854382e+02
7.529962645866838784e+02
7.500381465537909662e+02
7.471081490705886381e+02
7.442134999631355186e+02
7.413614316292666899e+02
7.385443245001440573e+02
7.357619922466150229e+02
7.330216819281916969e+02
7.303306457849799926e+02
7.276812846724407109e+02
7.250734332403961844e+02
7.225140950585810060e+02
7.200017910433167572e+02
7.175347829018664925e+02
7.151187665785142826e+02
7.127445872971320568e+02
7.104179530487815555e+02
7.081371496210241503e+02
7.059078973721369721e+02
7.037284945982212321e+02
7.015898175949552069e+02
6.994976057645276342e+02
6.974576049660487342e+02
6.954607108610149453e+02
6.935126823556587397e+02
6.916192849375319156e+02
6.897640056579316479e+02
6.879600516132794610e+02
6.862057798700653848e+02
6.844995541889793458e+02
6.828323166958308548e+02
6.812247296518655730e+02
6.796528919685689516e+02
6.781374794265398123e+02
6.766620328374939390e+02
6.752398132104441402e+02
6.738618033133342351e+02
6.725338494373739877e+02
6.712543763593015456e+02
6.700292440550249466e+02
6.688494626623088379e+02
6.677134775453974953e+02
6.666271693094337252e+02
6.655964254652496948e+02
6.646048553943230672e+02
6.636657888169114585e+02
6.627702773573435024e+02
6.619242363129125124e+02
6.611261596212888207e+02
6.603745482293353462e+02
6.596679101119267443e+02
6.590121886411044443e+02
6.584059059043613615e+02
6.578401627230836084e+02
6.573209237211477785e+02
6.568467322911593556e+02
6.564235673107882576e+02
6.560425581064039307e+02
6.557096978666897940e+02
6.554161302521632706e+02
6.551752911545123652e+02
6.549709092993535933e+02
6.548090018477486183e+02
6.546955921966582537e+02
6.546218542242340845e+02
6.545938256816846206e+02
6.546101231289634370e+02
6.546693702667209891e+02
6.547701979129863048e+02
6.549038156242974082e+02
6.550911534127893674e+02
6.553085782037521767e+02
6.555696056424570770e+02
6.558729015903244317e+02
6.562097104167787620e+02
6.565861399851702345e+02
6.569934481804241386e+02
6.574451845823554095e+02
6.579326202796205507e+02
6.584544611795627134e+02
6.590094195602365517e+02
6.595962139661799029e+02
6.602209974480371102e+02
6.608750723949134454e+02
6.615564326271011169e+02
6.622712489372194113e+02
6.630160409150147416e+02
6.637895621677171221e+02
6.645905716697564003e+02
6.654178336126766453e+02
6.662708600855223722e+02
6.671484252459305253e+02
6.680493079924306130e+02
6.689722917982202262e+02
6.699161645418207627e+02
6.708804611700244322e+02
6.718632350184020652e+02
6.728640289750459260e+02
6.738809039625675723e+02
6.749126672641267533e+02
6.759596151786570317e+02
6.770190758305482177e+02
6.780898659996375955e+02
6.791708052713756842e+02
6.802614586927890059e+02
6.813584224193514274e+02
6.824620090535769350e+02
6.835695619548328068e+02
6.846806549114922973e+02
6.857926349599554214e+02
6.869043363913608573e+02
6.880148251663317751e+02
6.891233466687190230e+02
6.902293776287770015e+02
6.913323957155508879e+02
6.924341078880728446e+02
6.935317647294584731e+02
6.946263314847427637e+02
6.957172880715063457e+02
6.968041146089508402e+02
6.978855484450731410e+02
6.989625553620701339e+02
7.000338724345035644e+02
7.010989792406073775e+02
7.021573549012247213e+02
7.032084779563710981e+02
7.042518262442212063e+02
7.052868767823348435e+02
7.063131056509182599e+02
7.073299878779118899e+02
7.083362544906550511e+02
7.093321209090298680e+02
7.103170583296026734e+02
7.112890507807303493e+02
7.122483091885011390e+02
7.131935570928808374e+02
7.141242590442938081e+02
7.150398776601206237e+02
7.159391306810081232e+02
7.168207336968486061e+02
7.176848857072199053e+02
7.185302976709505174e+02
7.193549352299306747e+02
7.201597327720205612e+02
7.209426506375156123e+02
7.217023891797342685e+02
7.224391314842317797e+02
7.231508290765492575e+02
7.238376588139004753e+02
7.244975657552242865e+02
7.251292343801799234e+02
7.257328313018113022e+02
7.263062909678800452e+02
7.268490297113660290e+02
7.273589742847821071e+02
7.278362759088964822e+02
7.282788531355292889e+02
7.286861058951573114e+02
7.290559440290345492e+02
7.293885013364990755e+02
7.296816784372058464e+02
7.299350751728486557e+02
7.301484170369151343e+02
7.303238713280782122e+02
7.304539433118860643e+02
7.305504466641669978e+02
7.306073615990907228e+02
7.306260911415137116e+02
7.306080326607121833e+02
7.305471494069061009e+02
7.304448271016257195e+02
7.303024454807100483e+02
7.301288065414807988e+02
7.299104210426161217e+02
7.296560785107431002e+02
7.293671337490031874e+02
7.290300784010804591e+02
7.286611109719167416e+02
7.282541383003206192e+02
7.278030605394072836e+02
7.273240561425367332e+02
7.267961550021470885e+02
7.262355218988581100e+02
7.256360296519445683e+02
7.249989724787604928e+02
7.243182092586674798e+02
7.236024485542467346e+02
7.228529635370571214e+02
7.220635919701635430e+02
7.212355928971535377e+02
7.203627899360737956e+02
7.194612846807003734e+02
7.185174582547882665e+02
7.175325414251660732e+02
7.165077579182822092e+02
7.154517527927823721e+02
7.143583074161848572e+02
7.132211961977029659e+02
7.120490433257485847e+02
7.108356094083908374e+02
7.095895049200304356e+02
7.083044768500395776e+02
7.069816938068644276e+02
7.056297460748254480e+02
7.042349322731020038e+02
7.027984011698831637e+02
7.013287233976644757e+02
6.998270348206782501e+02
6.982796082546906291e+02
6.967024236404092790e+02
6.950817413150011816e+02
6.934335379412847260e+02
6.917441069386730987e+02
6.900220298549344307e+02
6.882684539905242218e+02
6.864770924767391307e+02
6.846490810547039700e+02
6.827855498037838515e+02
6.808950515705236057e+02
6.789638486462387164e+02
6.770079112971528730e+02
6.750134910404896118e+02
6.729891191739503711e+02
6.709284651017802616e+02
6.688400498126407001e+02
6.667175325550291518e+02
6.645694243142526147e+02
6.623893744869853890e+02
6.601858843574566436e+02
6.579525937713279973e+02
6.556905662610947729e+02
6.534008607703565303e+02
6.510845317283151417e+02
6.487500574746272832e+02
6.463836269332466600e+02
6.439937097891532858e+02
6.415813431631264621e+02
6.391401316882286210e+02
6.366785326379168737e+02
6.341975709537131252e+02
6.316982676751077861e+02
6.291742116703820784e+02
6.266338447700233019e+02
6.240707484501689351e+02
6.214933573199972443e+02
6.188952458092396682e+02
6.162848416599757684e+02
6.136557126188638449e+02
6.110088515837040859e+02
6.083526767019671979e+02
6.056881747716593054e+02
6.030089013456280327e+02
6.003158375394050381e+02
5.976099617914084092e+02
5.948996783268140689e+02
5.921785322236369211e+02
5.894474945835456765e+02
5.867149626551622532e+02
5.839744749098317698e+02
5.812269962220747175e+02
5.784809180024188890e+02
5.757370245881926394e+02
5.729879622485965456e+02
5.702336271606518494e+02
5.674813425981770934e+02
5.647310023782297321e+02
5.619824993606830503e+02
5.592357255997497987e+02
5.564831441472472306e+02
5.537320742586383631e+02
5.509824064991165642e+02
5.482340312519847885e+02
5.454868388778287454e+02
5.427407198744646166e+02
5.399955650373888147e+02
5.372512656204485211e+02
5.345151418466973610e+02
5.317796580178966224e+02
5.290521360751223483e+02
5.263250423564372795e+02
5.235982728050875039e+02
5.208865814756899226e+02
5.181750105868792389e+02
5.154634607748921553e+02
5.127666912433218158e+02
5.100697498087901067e+02
5.073873998472932954e+02
5.047121219837384274e+02
5.020438276309593562e+02
4.993898591242571001e+02
4.967427048015325681e+02
4.941097125313459628e+02
4.914833764350046863e+02
4.888710504065514328e+02
4.862800915270443056e+02
4.836955751242932706e+02
4.811322933307322955e+02
4.785753283831368776e+02
4.760394795219077082e+02
4.735246929824223798e+02
4.710197762585921168e+02
4.685358257630426237e+02
4.660713136606731837e+02
4.636269446446505640e+02
4.612026846676551486e+02
4.587999895142706350e+02
4.564195763593238553e+02
4.540629094975935232e+02
4.517299718948000873e+02
4.494222365803490220e+02
4.471404381916621560e+02
4.448851401445574538e+02
4.426576932137955396e+02
4.404563056968490287e+02
4.382814190085609312e+02
4.361334792123436728e+02
4.340114513844186490e+02
4.319150481514159310e+02
4.298447297213476759e+02
4.278002182431902725e+02
4.257812406704061345e+02
4.237875287885025841e+02
4.218210477469143029e+02
4.198800534050372448e+02
4.179657778732795919e+02
4.160787153635043865e+02
4.142178793794511762e+02
4.123837740822814908e+02
4.105769086460742869e+02
4.087963116135085784e+02
4.070425022619468223e+02
4.053152621246409808e+02
4.036143778523613719e+02
4.019396412403311842e+02
4.002915920904974882e+02
3.986700325690080717e+02
3.970755129040086331e+02
3.955071029084632528e+02
3.939653633481979114e+02
3.924508602997318576e+02
3.909626795079104227e+02
3.895013977533403136e+02
3.880661115391118301e+02
3.866581512920490127e+02
3.852766243777966224e+02
3.839213864650568553e+02
3.825930415484129412e+02
3.812899706295104920e+02
3.800142744167616229e+02
3.787650878276119784e+02
3.775422941788980324e+02
3.763457823645555891e+02
3.751769325356573290e+02
3.740341590972658992e+02
3.729188533924142916e+02
3.718294410222348461e+02
3.707673245228139081e+02
3.697324263478120088e+02
3.687231888571483864e+02
3.677410313115649956e+02
3.667851500074264095e+02
3.658554711246086413e+02
3.649518524593552797e+02
3.640748816278821209e+02
3.632229231547381687e+02
3.623965754388184450e+02
3.615956993640684800e+02
3.608201610802304344e+02
3.600698319434796417e+02
3.593445884520008917e+02
3.586435693415249943e+02
3.579666611810015411e+02
3.573144982933772553e+02
3.566854913315521003e+02
3.560810270350339124e+02
3.554995254568075325e+02
3.549416397113595849e+02
3.544057988633671243e+02
3.538926648329079967e+02
3.534021609468871361e+02
3.529327289922725868e+02
3.524857861115170294e+02
3.520590391699096813e+02
3.516531701509867389e+02
3.512681218595130872e+02
3.509030977978315491e+02
3.505573048758018899e+02
3.502314389546614279e+02
3.499247133799567564e+02
3.496370873592002226e+02
3.493670373292478075e+02
3.491152710040658462e+02
3.488810130727429737e+02
3.486634907434706747e+02
3.484619336185533598e+02
3.482755735707657436e+02
3.481051302913639347e+02
3.479490969947607937e+02
3.478067116404807280e+02
3.476779568172649988e+02
3.475620739595495934e+02
3.474583060715906413e+02
3.473666404542856299e+02
3.472855800946909994e+02
3.472151149035838671e+02
3.471544931107655998e+02
3.471022211683784917e+02
3.470590349972543436e+02
3.470234428859159834e+02
3.469939539076480060e+02
3.469720491753560054e+02
3.469548801107811755e+02
3.469430768208357563e+02
3.469366537386706568e+02
3.469356256811943240e+02
3.469400077756370138e+02
3.469490725529068413e+02
3.469635783826443571e+02
3.469827980644684544e+02
3.470067472655189249e+02
3.470354416187715287e+02
3.470688966569903187e+02
3.471071277470330187e+02
3.471494071892215629e+02
3.471957498216153226e+02
3.472461701187809808e+02
3.473006821249066434e+02
3.473585565509660000e+02
3.474198063758025796e+02
3.474837011057365999e+02
3.475502523726927393e+02
3.476194710254850975e+02
3.476906242191668071e+02
3.477637210073725669e+02
3.478380265923536854e+02
3.479135479128054271e+02
3.479902907242362744e+02
3.480667738418782733e+02
3.481437432263176674e+02
3.482204577164246189e+02
3.482961746050409033e+02
3.483708923772858839e+02
3.484438649415210989e+02
3.485143443632396156e+02
3.485830664319745438e+02
3.486485363811976299e+02
3.487100001218040006e+02
3.487681869691028851e+02
3.488215953584837052e+02
3.488702069104209613e+02
3.489132578146527521e+02
3.489499815541335010e+02
3.489803516289787240e+02
3.490035957756567200e+02
3.490196815269417243e+02
3.490270875977549281e+02
3.490257751175454359e+02
3.490149590192206688e+02
3.489938507702595416e+02
3.489624011062629165e+02
3.489190714271932734e+02
3.488639377771628460e+02
3.487976032880192747e+02
3.487185713802428495e+02
3.486290556236920111e+02
3.485275513075144431e+02
3.484140352101280769e+02
3.482899655289131147e+02
3.481545676398885121e+02
3.480085482129408661e+02
3.478511238172984008e+02
3.476829922128146109e+02
3.475033609667692076e+02
3.473136615916896517e+02
3.471130925037399493e+02
3.469015903372157368e+02
3.466790870897534660e+02
3.464462529433790792e+02
3.462030105861897482e+02
3.459485352096808128e+02
3.456834830166020538e+02
3.454077627239438470e+02
3.451212784111060046e+02
3.448239295378961629e+02
3.445163538021575960e+02
3.441976986616293743e+02
3.438685927050174769e+02
3.435289171816162366e+02
3.431792917094512632e+02
3.428181029763283050e+02
3.424459617938346696e+02
3.420642174734856553e+02
3.416705008647488171e+02
3.412661527550816913e+02
3.408510240757909742e+02
3.404249616240009573e+02
3.399878081151017568e+02
3.395394022353807486e+02
3.390803215295284190e+02
3.386103967826006738e+02
3.381287120712601677e+02
3.376358333190414669e+02
3.371323226751789548e+02
3.366165100568646835e+02
3.360904358750241272e+02
3.355516798926809088e+02
3.350022752868061389e+02
3.344412803374069085e+02
3.338677498046617416e+02
3.332829634686704026e+02
3.326867119866155349e+02
3.320788022778856998e+02
3.314591166071403450e+02
3.308282963891218174e+02
3.301862368565574570e+02
3.295335727512907624e+02
3.288694498384117537e+02
3.281944962638748962e+02
3.275085940654723231e+02
3.268131076927257368e+02
3.261064270105856053e+02
3.253899099927951397e+02
3.246626828894933965e+02
3.239253544150482185e+02
3.231785300909701277e+02
3.224220694244454535e+02
3.216565715928780946e+02
3.208811469545903492e+02
3.200963884063255591e+02
3.193036285675973431e+02
3.185012256272492550e+02
3.176912488830020607e+02
3.168727932535065861e+02
3.160456934840044596e+02
3.152120098504558428e+02
3.143700855172245952e+02
3.135204892592126384e+02
3.126645298380105942e+02
3.118012847124539917e+02
3.109313142690231189e+02
3.100551762118144552e+02
3.091726827923832843e+02
3.082843865495734121e+02
3.073900947141871711e+02
3.064903549586949794e+02
3.055849698117427806e+02
3.046759680876341463e+02
3.037624051352526067e+02
3.028448199468800226e+02
3.019237495912075815e+02
3.009997293205805704e+02
3.000732926821831938e+02
2.991442287978682657e+02
2.982130681524312195e+02
2.972795970448289609e+02
2.963458290522425500e+02
2.954100624761657059e+02
2.944735659858541226e+02
2.935376074079806017e+02
2.926004825174061921e+02
2.916649435189871156e+02
2.907299387536874065e+02
2.897962877891320090e+02
2.888639779317958869e+02
2.879322535973897175e+02
2.870011021093919794e+02
2.860712538256349262e+02
2.851419537575154095e+02
2.842131901966689611e+02
2.832849519984843596e+02
2.823579715322637185e+02
2.814314962875523065e+02
2.805055174865916570e+02
2.795807701874027202e+02
2.786565048772605451e+02
2.777342017416312387e+02
2.768131137429247133e+02
2.758932380444525734e+02
2.749753160891407333e+02
2.740593480029849047e+02
2.731453354983477766e+02
2.722332819370084280e+02
2.713231923880395016e+02
2.704158165156192695e+02
2.695104201217762352e+02
2.686084993645201280e+02
2.677085809510462582e+02
2.668121648519096993e+02
2.659192673206904374e+02
2.650291637549518668e+02
2.641433600586923944e+02
2.632611356512892939e+02
2.623832576588008010e+02
2.615097524225110419e+02
2.606413911804158943e+02
2.597774615717812594e+02
2.589194818204884996e+02
2.580674865671118141e+02
2.572207697105197326e+02
2.563808557543157463e+02
2.555477856382048287e+02
2.547208595800321405e+02
2.539016084237822213e+02
2.530900794735835575e+02
2.522855793394198258e+02
2.514896452897770871e+02
2.507015882561824753e+02
2.499229498604356081e+02
2.491530454241587051e+02
2.483934210014557777e+02
2.476433963942408525e+02
2.469044247183637424e+02
2.461760858424491119e+02
2.454578645107292232e+02
2.447499906889087526e+02
2.440526967706113908e+02
2.433654747869964865e+02
2.426878192894978667e+02
2.420199702355033935e+02
2.413614273717293486e+02
2.407124359602636048e+02
2.400725011668397713e+02
2.394418737912762083e+02
2.388200646595839771e+02
2.382073303576200942e+02
2.376039304607648148e+02
2.370093847643295533e+02
2.364239590193823517e+02
2.358471793284148816e+02
2.352793178806353751e+02
2.347199073462630565e+02
2.341692266095969046e+02
2.336275579952501573e+02
2.330937016571718630e+02
2.325679469752051602e+02
2.320513297734902380e+02
2.315426610303582038e+02
2.310422410996245048e+02
2.305503740825115528e+02
2.300673678650754255e+02
2.295920484807100763e+02
2.291262171476812739e+02
2.286687076108707686e+02
2.282198431681933073e+02
2.277792081759079110e+02
2.273471337230067206e+02
2.269239547943494699e+02
2.265085245925027380e+02
2.261019286984302994e+02
2.257030280405721214e+02
2.253129158779142642e+02
2.249312035915415890e+02
2.245575063152306541e+02
2.241929285600542414e+02
2.238363499880062477e+02
2.234881395302934379e+02
2.231486696551247064e+02
2.228183163005134588e+02
2.224952302972872644e+02
2.221812799730057009e+02
2.218753655564614746e+02
2.215778590544661029e+02
2.212890673462694906e+02
2.210077975722215058e+02
2.207350882663285461e+02
2.204704950872347524e+02
2.202143192280445305e+02
2.199653788151030653e+02
2.197247229865582767e+02
2.194911747856910154e+02
2.192665309100741524e+02
2.190481332662554337e+02
2.188377828963719196e+02
2.186350543710348404e+02
2.184395242047014563e+02
2.182507707685286391e+02
2.180683742061236501e+02
2.178934020225541133e+02
2.177254376666963083e+02
2.175633232924419929e+02
2.174081310289236910e+02
2.172594487396285956e+02
2.171161227959104849e+02
2.169792293599153084e+02
2.168476173216500058e+02
2.167223652607536906e+02
2.166023243923443431e+02
2.164878327024439386e+02
2.163784864073993504e+02
2.162738827574503375e+02
2.161736200091334865e+02
2.160787830713772735e+02
2.159882293098064849e+02
2.159015598693705158e+02
2.158183768246288423e+02
2.157390260025270265e+02
2.156638541371962674e+02
2.155909803563912988e+02
2.155214960194622336e+02
2.154542648658436690e+02
2.153896371842833162e+02
2.153272213018765342e+02
2.152673692477955001e+02
2.152089482410266328e+02
2.151515691869604439e+02
2.150955866671875185e+02
2.150406132571129376e+02
2.149862623461214639e+02
2.149321481198166168e+02
2.148778855390056037e+02
2.148238331501272285e+02
2.147681854381717983e+02
2.147123638037226101e+02
2.146556255162753644e+02
2.145987141262720286e+02
2.145408880786634711e+02
2.144828920018083522e+02
2.144239853112261471e+02
2.143641706535408105e+02
2.143049366753937477e+02
2.142448009422464281e+02
2.141837668726368520e+02
2.141225808225447906e+02
2.140605034951642267e+02
2.139975383564948856e+02
2.139344315417800146e+02
2.138704432530795145e+02
2.138055761635279453e+02
2.137398324783846419e+02
2.136739566634138612e+02
2.136064639958361226e+02
2.135380974636642577e+02
2.134688563133867092e+02
2.133979959368263053e+02
2.133269990976673398e+02
2.132536331377548606e+02
2.131786353794004185e+02
2.131027416734572171e+02
2.130244577840252020e+02
2.129445162904921460e+02
2.128629051419315772e+02
2.127788675546916863e+02
2.126916447485650394e+02
2.126027043570108788e+02
2.125105404915506426e+02
2.124158735013311627e+02
2.123179357175676500e+02
2.122166998836975154e+02
2.121121362512370752e+02
2.120034696816963447e+02
2.118906652598417111e+02
2.117736854083262017e+02
2.116524898439168396e+02
2.115270355403761187e+02
2.113957910279836199e+02
2.112594505449150972e+02
2.111179626800224867e+02
2.109705303622392591e+02
2.108170965264148435e+02
2.106568584452376172e+02
2.104897534072145220e+02
2.103165315241829774e+02
2.101360027918936453e+02
2.099485329074392723e+02
2.097544848339493342e+02
2.095542188334614480e+02
2.093473496685565465e+02
2.091342323123923563e+02
2.089152191565026158e+02
2.086899172209370761e+02
2.084586738713038585e+02
2.082218340320458481e+02
2.079782545654739749e+02
2.077297613312611588e+02
2.074752065553252862e+02
2.072141830532660265e+02
2.069485099474584331e+02
2.066770328671705386e+02
2.063993381667720826e+02
2.061172386362230213e+02
2.058288308582609432e+02
2.055351807575863177e+02
2.052366094559324665e+02
2.049319504631667428e+02
2.046222638742125923e+02
2.043078650461982022e+02
2.039875817759580912e+02
2.036617256478102149e+02
2.033306063662534484e+02
2.029937889187285975e+02
2.026523220735360553e+02
2.023050241926753756e+02
2.019529402251975512e+02
2.015956275106818509e+02
2.012326414234977392e+02
2.008650210129304696e+02
2.004915747942947348e+02
2.001133377218246494e+02
1.997298569731683529e+02
1.993406775763506857e+02
1.989468280344745210e+02
1.985478489384856005e+02
1.981432785888011665e+02
1.977326529461220730e+02
1.973177340870932426e+02
1.968965674750110963e+02
1.964709102618635086e+02
1.960395457263375363e+02
1.956019974041832938e+02
1.951600147160629319e+02
1.947116302482554602e+02
1.942586043098957305e+02
1.937997881137813749e+02
1.933355320325013622e+02
1.928661836643536844e+02
1.923920878172819187e+02
1.919128436636988795e+02
1.914280475716248304e+02
1.909387787774256822e+02
1.904446280552400026e+02
1.899459262386376110e+02
1.894422585743756429e+02
1.889339504235927620e+02
1.884205816303032748e+02
1.879032150724233645e+02
1.873814253749831380e+02
1.868547846407470843e+02
1.863250910229627095e+02
1.857904261197263338e+02
1.852525834054298173e+02
1.847103828030499812e+02
1.841648706227940693e+02
1.836163483210178242e+02
1.830636297693163215e+02
1.825077555383696506e+02
1.819490216706415140e+02
1.813862369616701642e+02
1.808204372544372802e+02
1.802519142208269045e+02
1.796802154848671762e+02
1.791056304170578244e+02
1.785291902590270183e+02
1.779496969078063273e+02
1.773674372143891276e+02
1.767834402705432524e+02
1.761972490233340523e+02
1.756091488969321119e+02
1.750186822358245422e+02
1.744268769191003514e+02
1.738332751249620856e+02
1.732381619353003828e+02
1.726410797595577833e+02
1.720430569277027644e+02
1.714443792666556021e+02
1.708445901750598068e+02
1.702447191961195756e+02
1.696443107380303559e+02
1.690429097971635883e+02
1.684422905087726292e+02
1.678419991749266558e+02
1.672423256351625867e+02
1.666427738973840462e+02
1.660441594922746447e+02
1.654457693082997025e+02
1.648476338207260028e+02
1.642497842518447442e+02
1.636529953950620779e+02
1.630558142581026857e+02
1.624597598861923871e+02
1.618633806550838869e+02
1.612681969202525352e+02
1.606727583020526424e+02
1.600785863282547723e+02
1.594842317138121928e+02
1.588904741643001444e+02
1.582980938280888665e+02
1.577056427481942364e+02
1.571139018297320149e+02
1.565236522932232504e+02
1.559334471296670301e+02
1.553448109083090571e+02
1.547570398971642192e+02
1.541694305375284841e+02
1.535835079228342011e+02
1.529985687671926371e+02
1.524153955646529255e+02
1.518325424041346423e+02
1.512515348110196953e+02
1.506716699051310400e+02
1.500937305860731499e+02
1.495177570456945944e+02
1.489437896281736755e+02
1.483718688627336064e+02
1.478020355040794129e+02
1.472343305805555929e+02
1.466702811200014196e+02
1.461077003678913684e+02
1.455481162082009803e+02
1.449923142308982449e+02
1.444388521462190909e+02
1.438885168854229164e+02
1.433413533571123253e+02
1.427974073839694427e+02
1.422574686442093252e+02
1.417215851120470234e+02
1.411890631716365476e+02
1.406614390738195937e+02
1.401380220445924749e+02
1.396188657450183825e+02
1.391047683914415813e+02
1.385950443702191421e+02
1.380904418253107622e+02
1.375907526564642183e+02
1.370957170811799983e+02
1.366050776157984501e+02
1.361193220160605222e+02
1.356374548723438238e+02
1.351607118791402513e+02
1.346873600775770683e+02
1.342193834510286763e+02
1.337550546473383690e+02
1.332956205580488813e+02
1.328401025282748265e+02
1.323890105774884489e+02
1.319413720953337759e+02
1.314984460426283874e+02
1.310592659568389138e+02
1.306243541324404589e+02
1.301927502756004174e+02
1.297657256636549334e+02
1.293415832739528355e+02
1.289223432629455033e+02
1.285063145699056975e+02
1.280940375415357266e+02
1.276867981971754347e+02
1.272821711452437370e+02
1.268821906869913363e+02
1.264859223772317733e+02
1.260939199386548211e+02
1.257059966548310683e+02
1.253212252629910921e+02
1.249409091824327618e+02
1.245641253890707816e+02
1.241914384725496205e+02
1.238226720113639630e+02
1.234583941222456644e+02
1.230984316695365095e+02
1.227418701456398935e+02
1.223900248935380546e+02
1.220427268169718360e+02
1.216998079395813050e+02
1.213611012986512634e+02
1.210271836793665727e+02
1.206971470152383858e+02
1.203723124757345033e+02
1.200517733763147277e+02
1.197353664470065127e+02
1.194236717697119019e+02
1.191165270547618746e+02
1.188145132672536590e+02
1.185167260882496265e+02
1.182237316266456446e+02
1.179352910867786051e+02
1.176518932497735932e+02
1.173725415806621015e+02
1.170984684211568378e+02
1.168279351720531167e+02
1.165621750106028571e+02
1.163009359267201575e+02
1.160432236130412349e+02
1.157902728681554265e+02
1.155410906570213001e+02
1.152961703633593658e+02
1.150552633677466332e+02
1.148181219708522889e+02
1.145844994857743444e+02
1.143548931685673722e+02
1.141290586458610363e+02
1.139067528486891803e+02
1.136877341113776083e+02
1.134725051044748199e+02
1.132600844255310903e+02
1.130517208669602951e+02
1.128464364944590415e+02
1.126447409055037099e+02
1.124464028014550223e+02
1.122511928926135312e+02
1.120588839601951037e+02
1.118692509094016145e+02
1.116828136478287377e+02
1.114993514483984569e+02
1.113179029713096497e+02
1.111397376145101106e+02
1.109638985018835200e+02
1.107909166443172495e+02
1.106198395728898447e+02
1.104512026394463504e+02
1.102855432941595097e+02
1.101211725152567737e+02
1.099593745763507400e+02
1.097999499460679260e+02
1.096419580208521154e+02
1.094859455162970363e+02
1.093317178373902010e+02
1.091783389435708358e+02
1.090271025443988151e+02
1.088778177713668924e+02
1.087295518521713689e+02
1.085821156133275878e+02
1.084360633071349156e+02
1.082912067641266844e+02
1.081473856770585371e+02
1.080045503073008177e+02
1.078626784119725244e+02
1.077224902660561270e+02
1.075832199759060472e+02
1.074448438059384898e+02
1.073080800045432710e+02
1.071721601304616200e+02
1.070378002310887666e+02
1.069049721835159232e+02
1.067729035496724777e+02
1.066423059466132202e+02
1.065131464176976834e+02
1.063853901558011046e+02
1.062582575692047868e+02
1.061331955360407733e+02
1.060094203225107634e+02
1.058868888658622893e+02
1.057648130620897859e+02
1.056446310789069400e+02
1.055255503337137810e+02
1.054075188370559459e+02
1.052912252110968296e+02
1.051751273828461279e+02
1.050606524771377508e+02
1.049462541982011743e+02
1.048333555849740719e+02
1.047211492536389414e+02
1.046088260021533358e+02
1.044978034255653654e+02
1.043872690258314719e+02
1.042771516804648684e+02
1.041666361083871806e+02
1.040571343519837626e+02
1.039470860785786499e+02
1.038379014105693585e+02
1.037280183969995164e+02
1.036181030108697314e+02
1.035073351250251363e+02
1.033971228356797667e+02
1.032851599265258926e+02
1.031728543577500119e+02
1.030601285526633291e+02
1.029461623562057326e+02
1.028308788188415548e+02
1.027142014645159520e+02
1.025960543816232899e+02
1.024763623009113473e+02
1.023550506593736458e+02
1.022320456492985556e+02
1.021073121737061484e+02
1.019802247945109457e+02
1.018509396375386160e+02
1.017203564545009016e+02
1.015871472497832286e+02
1.014529560754741340e+02
1.013171991191564842e+02
1.011800359603830088e+02
1.010408838008575714e+02
1.009006458541927742e+02
1.007594827107083830e+02
1.006168121933757931e+02
1.004720520358723377e+02
1.003268482189116071e+02
1.001806177808341829e+02
1.000335199693026738e+02
9.988497037516891908e+01
9.973512640031857757e+01
9.958488705097289539e+01
9.943366422311575548e+01
9.928161099701159742e+01
9.912887859233907761e+01
9.897561616086035485e+01
9.882122774837428381e+01
9.866585776784145878e+01
9.851039081031763089e+01
9.835348012536549334e+01
9.819600446295723373e+01
9.803809657795996202e+01
9.787988592408363786e+01
9.772075569352213620e+01
9.756082837870489755e+01
9.739948001215036300e+01
9.723831143570149038e+01
9.707594840460077990e+01
9.691324140275500554e+01
9.674955145910135457e+01
9.658497866596403014e+01
9.641961937931326077e+01
9.625356627608377380e+01
9.608616559834956661e+01
9.591824575914370143e+01
9.574914612412700876e+01
9.557894565875280080e+01
9.540772025477143359e+01
9.523480007512031875e+01
9.506099825607934406e+01
9.488563978003719512e+01
9.470953304271698414e+01
9.453125591777120462e+01
9.435162588356077151e+01
9.417076754079577938e+01
9.398733144552967644e+01
9.380368135938672935e+01
9.361772333812415070e+01
9.343033435620671412e+01
9.324164840427199863e+01
9.305105675775260465e+01
9.285869390935400247e+01
9.266543782308818322e+01
9.247068167268240302e+01
9.227381974247218466e+01
9.207573331364376656e+01
9.187656235879211408e+01
9.167570572320239819e+01
9.147330695617237950e+01
9.126951161574338300e+01
9.106446738559506571e+01
9.085758133288975102e+01
9.064974848121465811e+01
9.044038051257240340e+01
9.022963428820446552e+01
9.001841183765017718e+01
8.980538898089093891e+01
8.959147227403290970e+01
8.937608474333418940e+01
8.916013710863902020e+01
8.894305630158252995e+01
8.872575663998044604e+01
8.850692546421151974e+01
8.828747993753741241e+01
8.806759547648086084e+01
8.784744833847690870e+01
8.762647252363726125e+01
8.740484516793446801e+01
8.718274341998434807e+01
8.696108697901165385e+01
8.673856645139467503e+01
8.651610005382748625e+01
8.629386196533427267e+01
8.607128202126882854e+01
8.584927391708409061e+01
8.562726357443568759e+01
8.540541736276171036e+01
8.518389899381482167e+01
8.496361210197858327e+01
8.474322866778538810e+01
8.452364581248991726e+01
8.430427143051639405e+01
8.408599536246565265e+01
8.386894451245085236e+01
8.365243402398452588e+01
8.343650158370398628e+01
8.322118077646028667e+01
8.300724390585409651e+01
8.279323067374373579e+01
8.258064807971572918e+01
8.236802783017918728e+01
8.215686914288492915e+01
8.194569622580475254e+01
8.173525831558826837e+01
8.152481572907331042e+01
8.131511146223496667e+01
8.110540013972402562e+01
8.089641967369230713e+01
8.068816310456004715e+01
8.047913613672378119e+01
8.027081454186186704e+01
8.006318756166899675e+01
7.985475833756970587e+01
7.964700136432378486e+01
7.943916309879847404e+01
7.923197659613954613e+01
7.902394779928695812e+01
7.881655584878889442e+01
7.860905369861006875e+01
7.840069707484686035e+01
7.819297342340993850e+01
7.798514532778662556e+01
7.777796509377873235e+01
7.756996096217172010e+01
7.736189448146018321e+01
7.715378950184882001e+01
7.694567531282392281e+01
7.673832974629171133e+01
7.653030806750830095e+01
7.632240017677911226e+01
7.611540225433228102e+01
7.590863119679220006e+01
7.570141034882236397e+01
7.549529802368955700e+01
7.529037329670045153e+01
7.508523592637224908e+01
7.488146323826826745e+01
7.467841010630667142e+01
7.447692290783081148e+01
7.427636791795940496e+01
7.407685950504088623e+01
7.387925977875718786e+01
7.368294969303973119e+01
